2 4 6 9 11 14 19 21 24 28 29 32 34 35 
2 3 6 9 11 14 19 21 22 25 27 29 32 34 36 
2 4 6 8 11 14 19 21 22 26 28 29 31 33 35 
2 4 7 9 11 13 18 20 26 28 30 32 34 35 
2 4 6 8 11 14 19 21 24 28 29 31 34 35 
2 4 6 8 11 14 19 20 22 24 28 29 31 34 35 
2 4 7 9 11 14 19 21 22 24 28 29 31 33 36 
2 4 7 8 11 14 19 20 26 28 30 32 34 35 
2 4 6 8 11 14 19 21 26 28 29 31 34 35 
2 4 6 8 11 14 19 21 24 28 29 31 33 35 
2 4 7 8 11 14 19 21 24 28 29 31 34 35 
2 4 7 8 11 12 19 21 22 24 28 29 31 33 35 
2 4 7 8 11 14 19 21 26 28 29 31 34 36 
2 4 6 8 11 14 19 21 26 28 30 32 34 35 
2 4 7 8 11 13 19 21 22 25 28 29 31 34 35 
2 4 7 8 11 14 19 20 22 24 28 29 31 33 35 
2 4 7 8 11 14 19 20 24 28 29 32 34 35 
2 4 7 8 11 14 19 21 24 28 29 31 34 35 
2 4 7 8 11 14 19 21 24 28 29 31 34 36 
2 4 7 8 11 14 19 21 26 28 29 31 33 36 
2 4 6 9 11 14 19 21 26 28 30 32 34 36 
2 4 7 8 11 14 19 20 22 24 28 29 32 33 35 
2 4 7 9 11 14 19 20 23 25 27 29 32 33 35 
2 4 6 8 11 14 19 21 24 28 29 32 34 36 
2 4 7 8 11 14 19 21 24 28 29 31 34 36 
2 4 6 8 11 14 19 20 22 24 28 29 31 33 35 
2 4 7 8 11 14 19 21 22 24 28 29 31 33 36 
2 4 6 8 11 14 19 21 23 24 28 29 31 34 36 
2 4 6 8 11 14 19 20 24 28 29 32 34 36 
2 4 7 9 11 14 19 21 26 28 29 31 34 36 
2 4 7 8 11 14 19 21 22 24 28 29 31 33 36 
2 4 6 9 11 12 19 21 24 27 30 32 34 36 
2 3 6 9 11 14 19 21 24 27 29 31 34 36 
2 4 7 8 11 14 19 21 22 24 27 29 31 33 36 
2 4 7 9 11 14 19 21 26 27 29 31 34 36 
2 3 6 9 11 14 19 21 26 27 29 31 34 36 
2 4 7 8 11 14 19 21 26 28 29 31 34 36 
2 4 6 9 11 14 19 21 22 24 27 29 32 34 36 
2 4 7 9 11 14 19 21 24 27 29 32 34 36 
2 4 6 9 11 14 19 21 26 27 29 31 34 36 
2 4 7 9 11 14 19 21 22 24 27 29 32 34 36 
2 3 6 9 11 14 19 20 22 24 27 29 32 34 36 
2 4 7 8 11 14 19 21 22 24 27 29 31 33 36 
2 4 7 8 11 14 19 20 24 27 29 32 34 36 
2 4 6 8 11 14 19 21 24 27 29 31 34 36 
2 4 7 9 11 14 19 21 22 25 27 29 32 34 36 
2 4 7 8 11 14 19 21 22 24 27 29 31 34 36 
2 3 7 9 11 14 19 21 22 24 27 29 32 34 36 
2 4 6 8 11 14 19 20 22 25 27 29 32 34 36 
2 4 6 8 11 14 19 20 24 27 29 32 34 36 
2 4 7 8 11 14 19 21 24 28 29 32 34 36 
2 4 7 8 11 14 19 21 26 28 29 31 34 36 
2 4 7 8 11 14 19 21 26 28 29 31 34 36 
2 4 6 9 11 14 19 21 24 27 29 31 33 36 
2 4 7 8 11 14 19 20 23 24 27 29 32 33 36 
2 4 7 8 11 14 19 21 22 24 27 29 32 33 36 
2 4 7 8 11 14 19 21 26 27 29 31 33 36 
2 4 6 8 11 14 19 20 22 24 27 29 32 34 36 
2 4 7 8 11 14 19 20 22 24 28 29 32 33 35 
2 4 7 8 11 14 19 20 23 24 27 29 32 34 36 
2 4 6 8 11 14 19 20 22 24 27 29 31 34 36 
2 3 7 9 11 14 19 21 22 24 27 29 31 34 36 
2 4 7 8 11 14 19 20 22 24 28 29 32 34 36 
2 3 7 9 11 14 19 21 23 24 27 29 31 34 36 
2 3 7 9 11 14 19 21 24 27 29 32 34 36 
2 3 6 9 11 14 19 21 24 27 29 32 34 36 
2 3 6 9 11 14 17 21 25 27 30 32 34 36 
2 3 7 9 11 14 19 21 24 27 29 31 34 36 
2 3 7 9 11 14 19 21 24 27 29 32 34 36 
2 4 6 8 11 14 19 21 22 24 28 29 31 34 36 
2 4 7 8 11 14 19 21 26 27 29 31 34 36 
2 3 6 9 11 14 19 20 24 27 29 32 34 36 
2 3 7 9 11 14 19 20 24 27 29 32 34 36 
2 4 6 8 11 14 19 21 24 27 29 31 34 36 
2 3 6 9 11 14 19 21 23 25 27 29 32 33 36 
2 3 7 8 11 14 19 21 22 26 27 29 31 34 36 
2 4 6 8 11 14 19 20 22 24 27 29 32 34 36 
2 4 6 8 11 14 19 21 23 24 27 29 31 33 36 
2 4 6 8 11 14 19 21 24 27 29 31 34 36 
2 3 6 8 11 14 19 21 24 27 29 32 34 36 
2 3 6 9 11 14 19 21 24 27 29 31 34 36 
2 3 6 8 11 12 19 20 24 27 29 32 34 36 
2 3 7 9 11 14 19 21 24 27 29 32 34 36 
2 4 6 8 11 14 19 21 26 27 29 31 34 36 
2 4 6 8 11 14 19 21 26 28 29 31 33 36 
2 3 6 8 11 14 19 21 22 24 27 29 32 33 36 
1 3 6 9 11 12 19 21 26 27 30 34 36 
2 3 6 8 11 14 19 21 22 24 27 29 31 34 36 
2 3 7 9 11 14 19 21 24 27 29 31 34 36 
2 3 6 8 11 14 19 21 24 27 29 32 34 36 
2 3 6 9 11 14 19 21 24 27 29 31 34 36 
2 3 6 8 11 12 19 21 24 27 29 31 34 36 
2 4 6 8 11 14 19 20 26 27 29 31 34 36 
2 3 6 9 11 14 19 21 22 24 27 29 32 34 36 
2 3 7 9 11 14 19 20 22 24 27 29 32 34 36 
2 4 7 8 11 14 19 21 24 27 29 31 34 36 
2 3 7 9 11 14 19 21 24 27 29 31 34 36 
2 3 7 9 11 14 19 21 24 27 29 32 34 36 
2 3 6 9 11 14 19 21 24 27 29 32 34 36 
2 3 6 9 11 14 19 21 23 24 27 29 32 34 36 
2 3 6 9 11 14 19 21 24 27 29 31 34 36 
1 3 6 9 11 14 17 21 24 27 30 34 36 
1 3 6 9 11 14 19 21 24 27 30 34 36 
2 3 7 8 11 14 19 21 24 27 29 32 34 36 
2 3 7 9 11 14 19 21 24 27 29 32 34 36 
2 3 6 9 11 14 19 21 22 24 27 29 31 34 36 
2 4 6 8 11 14 19 20 22 24 27 29 31 33 36 
2 3 7 9 11 14 19 21 24 27 29 32 34 36 
2 3 7 9 11 14 19 21 24 27 29 32 34 36 
2 3 6 8 11 14 19 21 22 24 27 29 32 34 36 
2 3 6 9 11 12 19 21 22 24 27 29 32 34 36 
2 4 6 8 11 14 19 21 24 27 29 31 34 36 
2 3 6 8 11 14 19 21 22 26 27 29 31 33 36 
1 3 6 9 11 14 17 21 24 27 30 34 36 
2 3 7 9 11 14 19 21 23 26 27 29 32 34 36 
2 3 6 8 11 12 19 21 24 27 29 31 34 36 
2 3 7 9 11 14 19 21 22 26 27 29 31 34 36 
2 3 7 9 11 14 19 21 22 24 27 29 31 34 36 
2 3 6 8 11 14 19 21 26 27 29 31 34 36 
2 3 7 8 11 14 19 20 24 27 30 32 34 36 
2 3 6 9 11 14 19 21 24 27 30 32 34 36 
2 3 6 9 11 14 19 20 22 24 27 30 32 34 36 
2 3 6 9 11 12 19 21 24 27 30 32 34 36 
2 3 6 8 11 14 19 20 24 27 30 32 34 36 
2 3 6 8 11 14 19 21 24 27 30 32 34 36 
2 3 7 8 11 14 19 21 26 27 30 32 34 36 
2 3 6 9 11 14 19 21 24 27 29 31 34 36 
2 3 7 9 11 14 19 21 26 27 29 31 34 36 
2 3 7 8 11 14 19 21 24 27 29 32 34 36 
2 3 6 9 11 14 19 21 24 27 29 32 34 36 
2 3 7 8 11 14 19 21 24 27 29 32 34 36 
2 3 6 9 11 14 19 21 24 27 29 32 34 36 
2 3 7 8 11 14 19 21 22 24 27 29 32 34 36 
2 3 7 9 11 14 19 21 22 24 27 29 31 34 36 
2 4 6 8 11 12 19 21 24 28 29 31 34 36 
2 3 6 9 11 14 19 21 23 24 27 29 32 34 36 
2 4 6 8 11 14 19 20 24 27 29 32 34 36 
2 4 7 8 11 14 19 21 24 27 29 31 34 36 
1 3 6 9 11 14 17 21 24 27 30 34 36 
2 3 7 9 11 14 19 20 24 27 29 31 34 36 
2 3 6 9 11 14 19 21 24 27 29 31 34 36 
2 3 7 9 11 14 19 21 24 27 29 31 34 36 
2 3 6 9 11 14 19 21 22 24 27 29 32 34 36 
2 3 6 8 11 14 19 20 22 24 27 29 32 33 36 
2 3 7 8 11 14 19 21 26 27 29 31 34 36 
2 3 7 9 11 14 19 21 24 27 29 32 34 36 
2 3 6 8 11 14 19 21 24 27 29 32 34 36 
2 3 6 9 11 14 19 21 22 24 27 29 32 34 36 
2 4 7 8 11 14 19 21 24 27 29 32 34 36 
2 3 7 8 11 14 19 21 24 27 29 31 34 36 
2 3 7 9 11 14 19 21 24 27 29 31 34 36 
2 4 6 8 11 14 19 21 26 27 29 31 34 36 
2 3 6 8 11 14 19 21 22 24 27 29 31 34 36 
2 3 6 9 11 14 19 20 22 24 27 29 32 34 36 
2 3 7 8 11 14 19 21 23 25 27 29 32 34 36 
2 3 7 9 11 14 19 21 24 27 29 31 34 36 
2 3 7 9 11 14 19 21 24 27 29 31 34 36 
2 3 7 8 11 14 17 21 22 24 27 29 32 34 36 
2 3 7 8 11 14 19 21 24 27 29 32 34 36 
2 3 7 9 11 14 19 21 24 27 29 31 34 36 
2 3 6 9 11 14 19 21 24 27 30 32 34 36 
2 3 6 9 11 14 19 21 24 27 30 32 34 36 
2 3 7 9 11 14 19 21 24 27 29 32 34 36 
2 3 7 9 11 14 19 21 24 27 29 31 34 36 
2 3 6 9 11 14 19 21 22 26 27 29 32 34 36 
2 3 6 9 11 14 19 21 25 27 29 32 34 36 
2 3 6 9 11 14 19 21 22 24 27 29 32 34 36 
1 3 6 9 11 12 19 21 24 27 30 34 36 
2 3 6 9 11 14 19 21 24 27 29 31 34 36 
1 3 6 9 11 14 17 20 22 24 27 30 34 36 
2 3 7 9 11 14 19 21 25 27 29 32 34 36 
2 3 6 9 11 14 19 21 24 27 29 31 34 36 
2 3 6 8 11 14 19 20 26 27 29 31 34 36 
2 3 6 9 11 14 19 21 23 25 27 29 32 33 36 
2 3 6 9 11 14 19 21 22 24 27 29 32 33 36 
1 3 6 9 11 14 17 20 24 27 30 34 36 
1 3 6 9 11 14 17 21 24 27 30 34 36 
2 3 7 9 11 14 19 21 22 24 27 29 32 33 36 
1 3 6 9 11 14 17 20 26 27 30 34 37
2 3 7 9 11 14 19 20 24 27 29 32 34 36 
1 3 6 9 11 14 19 20 26 27 30 34 36 
1 3 6 9 11 14 17 20 24 27 30 34 36 
2 3 7 8 11 14 19 21 24 27 29 31 34 36 
1 3 6 9 11 14 19 21 24 27 30 34 36 
2 4 7 8 11 14 19 21 26 27 29 31 34 36 
2 3 7 9 11 14 19 21 24 27 29 31 34 36 
2 3 7 9 11 14 19 21 24 27 29 31 34 36 
2 3 7 8 11 14 19 21 23 24 27 29 31 34 36 
2 3 7 9 11 14 19 21 24 27 29 32 34 36 
2 3 6 9 11 14 19 21 24 27 29 31 34 36 
2 3 7 9 11 14 19 21 24 27 29 32 34 36 
2 3 6 9 11 14 19 21 23 24 27 29 32 34 36 
2 3 6 8 11 14 19 21 24 27 30 32 34 36 
2 3 6 8 11 14 19 21 24 27 30 32 34 36 
2 3 6 8 11 14 17 21 24 27 30 32 34 36 
2 3 7 9 11 14 19 21 24 27 30 32 34 36 
1 3 6 9 11 14 17 21 24 27 30 34 36 
2 3 7 9 11 14 19 20 24 27 29 31 34 36 
2 3 7 8 11 14 19 21 22 24 27 29 31 34 36 
1 3 6 9 11 14 17 20 24 27 30 34 36 
1 3 6 9 11 14 17 21 24 27 30 34 36 
2 3 7 9 11 14 19 21 24 27 29 31 34 36 
2 3 7 9 11 14 19 21 24 27 29 31 34 36 
2 3 6 8 11 14 19 21 24 27 29 31 34 36 
1 3 6 9 11 14 17 20 24 27 30 34 36 
2 3 6 8 11 14 19 21 24 27 29 31 34 36 
2 3 7 9 11 14 19 21 24 27 29 32 34 36 
2 3 6 9 11 14 19 21 22 25 27 29 31 34 36 
2 3 7 9 11 14 19 20 22 24 27 29 31 34 36 
1 3 6 9 11 14 17 20 24 27 30 34 36 
2 3 7 9 11 14 19 21 24 27 29 31 34 36 
2 3 7 8 11 14 19 21 24 27 29 31 34 36 
2 3 7 9 11 14 19 21 24 27 29 31 34 36 
2 3 6 8 11 14 19 21 26 27 29 31 34 36 
2 3 7 9 11 14 19 21 23 24 27 29 32 34 36 
2 3 6 9 11 14 19 21 22 24 27 29 32 34 36 
2 3 6 8 11 14 19 20 22 25 27 29 32 34 36 
2 3 7 9 11 14 19 21 22 24 27 29 31 34 36 
2 3 6 8 11 14 19 21 22 26 27 29 31 34 36 
1 3 6 9 11 14 17 21 24 27 30 34 36 
2 3 6 9 11 14 19 21 24 27 29 32 34 36 
2 3 7 9 11 14 19 21 22 24 27 29 32 34 36 
2 3 6 8 11 14 19 21 22 24 27 29 32 34 36 
2 3 6 8 11 14 19 21 24 27 29 32 34 36 
2 3 6 8 11 14 19 21 22 24 27 29 31 33 36 
2 3 7 9 11 14 19 21 24 27 29 31 34 36 
1 3 6 9 11 12 17 21 24 27 30 34 36 
2 3 7 9 11 14 19 21 23 24 27 29 32 34 36 
2 3 6 8 11 14 19 21 26 27 29 31 34 36 
1 3 6 9 11 14 17 21 24 27 30 34 36 
2 3 7 8 11 14 19 21 24 27 29 31 34 36 
1 3 6 9 11 14 17 20 24 27 30 34 36 
2 3 7 9 11 14 19 21 22 24 27 29 31 34 36 
2 3 6 9 11 14 19 21 24 27 29 31 34 36 
2 3 6 8 11 14 19 21 24 27 29 31 34 36 
2 3 7 8 11 14 19 21 24 27 29 31 34 36 
2 3 6 8 11 14 19 21 24 27 29 31 34 36 
2 4 7 8 11 14 19 20 24 27 29 32 34 36 
2 3 6 9 11 14 19 21 24 27 30 32 34 36 
2 3 6 8 11 14 19 21 24 27 30 32 34 36 
2 3 6 9 11 14 19 21 25 27 30 32 34 36 
2 3 6 9 11 14 19 20 24 27 30 32 34 36 
2 3 6 9 11 14 19 20 24 27 30 32 34 36 
2 3 6 9 11 14 19 21 22 26 27 29 31 34 36 
2 3 7 9 11 14 19 21 24 27 29 31 34 36 
2 3 7 9 11 14 19 21 24 27 29 31 34 36 
1 3 6 9 11 14 17 20 24 27 30 34 37
2 3 7 9 11 14 17 21 24 27 29 32 34 36 
2 3 7 9 11 14 19 21 24 27 29 31 34 36 
2 3 6 9 11 14 19 21 26 27 29 31 34 36 
2 3 7 9 11 14 19 21 24 27 29 31 34 36 
2 3 7 9 11 14 19 21 24 27 29 31 34 36 
2 3 7 9 11 14 19 21 24 27 29 31 34 36 
2 3 6 9 11 14 19 21 24 27 29 32 34 36 
2 3 6 9 11 14 19 21 24 27 29 31 34 36 
1 3 6 9 11 14 19 20 24 27 30 34 36 
2 3 6 8 11 14 19 21 22 24 27 29 31 34 36 
2 3 7 9 11 14 19 21 22 24 27 29 31 34 37
1 5 6 9 11 14 17 20 24 27 30 34 37
2 3 6 8 11 14 19 21 24 27 29 32 34 36 
2 3 7 9 11 14 19 21 22 24 27 29 32 34 36 
2 3 6 9 11 14 19 21 22 25 27 29 32 34 36 
2 3 7 9 11 14 19 21 22 25 27 29 32 34 36 
2 3 6 8 11 14 19 21 24 27 29 31 34 36 
2 3 6 8 11 14 19 21 26 27 29 31 34 36 
2 3 7 9 11 14 19 21 24 27 29 31 34 36 
2 3 7 9 11 14 19 21 25 27 29 31 34 36 
2 3 7 9 11 14 19 21 24 27 29 31 34 36 
2 3 7 8 11 14 19 21 24 27 29 31 34 36 
2 3 6 8 11 14 19 21 26 27 29 31 34 36 
2 3 6 9 11 14 19 21 24 27 29 31 34 36 
2 3 6 8 11 14 19 21 24 27 29 32 34 36 
2 3 7 9 11 14 19 21 22 24 27 29 32 34 36 
1 3 6 9 11 14 17 21 24 27 30 34 36 
2 3 7 9 11 14 19 21 24 27 29 31 34 36 
2 3 6 9 11 14 19 20 24 27 29 32 34 36 
2 3 7 8 11 14 19 21 23 24 27 29 32 34 36 
2 3 6 9 11 12 19 21 24 27 29 31 34 36 
2 3 7 9 11 14 19 21 24 27 29 31 34 36 
2 3 7 8 11 14 19 21 24 27 29 31 34 36 
2 3 7 8 11 14 19 21 24 27 29 31 34 36 
2 3 7 8 11 14 19 21 24 27 29 31 34 36 
2 3 6 9 11 14 17 20 24 27 30 32 34 36 
2 3 6 9 11 14 19 21 24 27 30 32 34 36 
2 3 6 9 11 14 19 20 24 27 30 32 34 36 
2 3 7 8 11 14 19 21 22 24 27 29 31 34 36 
2 3 6 9 11 14 19 21 22 24 27 29 31 34 36 
2 3 7 9 11 14 19 21 24 27 29 32 34 36 
2 3 7 9 11 14 19 21 24 27 29 31 34 36 
1 5 6 9 11 14 17 20 24 27 30 34 37
1 5 6 9 11 14 17 21 24 27 30 34 37
1 3 6 9 11 14 17 21 24 27 30 34 37
1 3 6 9 11 14 19 21 24 27 30 34 36 
2 3 7 8 11 14 19 21 22 24 27 29 31 34 36 
2 3 6 8 11 14 19 21 25 27 29 31 34 36 
2 3 7 9 11 12 19 21 24 27 29 31 34 36 
2 3 7 9 11 14 19 21 22 24 27 29 32 34 36 
2 3 7 8 11 14 19 21 22 24 27 29 32 34 36 
2 3 6 8 11 14 19 21 26 27 29 31 34 36 
2 3 7 9 11 14 19 21 24 27 29 31 34 36 
2 3 6 9 11 14 19 21 22 24 27 29 31 34 36 
2 3 7 8 11 14 19 21 24 27 29 31 34 36 
2 3 7 9 11 14 19 21 24 27 29 31 34 36 
1 3 6 9 11 12 17 21 24 27 30 34 36 
2 3 6 9 11 14 19 21 24 27 29 31 34 36 
2 3 6 8 11 14 19 20 24 27 29 31 34 36 
2 3 6 8 11 14 19 21 24 27 29 32 34 36 
2 3 6 8 11 14 19 21 24 27 29 31 34 36 
2 3 6 8 11 14 19 21 22 24 27 29 31 34 36 
2 3 7 9 11 14 19 21 23 24 27 29 31 34 36 
2 3 7 9 11 14 19 21 24 27 29 32 34 36 
2 3 6 9 11 14 19 21 24 27 29 32 34 36 
2 3 7 9 11 14 19 21 24 27 29 32 34 36 
2 3 7 9 11 14 19 21 24 27 29 31 34 36 
2 3 7 9 11 14 19 21 24 27 29 31 34 36 
2 3 6 8 11 14 19 21 24 27 29 31 34 36 
2 3 7 9 11 14 19 21 24 27 29 31 34 36 
2 3 6 8 11 14 19 21 24 27 29 31 34 36 
2 3 6 9 11 14 19 21 24 27 30 32 34 36 
2 3 6 8 11 14 19 21 22 24 27 30 32 34 36 
2 3 7 8 11 14 19 21 24 27 29 31 34 36 
2 3 7 9 11 14 19 21 24 27 29 31 34 36 
1 3 6 9 11 14 18 20 26 27 30 34 37
2 3 6 9 11 14 19 21 24 27 29 31 34 36 
2 3 7 9 11 14 19 21 24 27 29 31 34 36 
2 3 6 9 11 14 19 21 24 27 29 31 34 36 
2 3 6 8 11 14 19 21 22 24 27 29 31 33 36 
2 3 6 9 11 14 19 21 23 24 27 29 32 34 36 
2 3 7 9 11 14 19 20 24 27 29 31 34 36 
2 3 7 9 11 14 19 21 24 27 29 31 34 36 
2 3 7 9 11 14 19 21 24 27 29 32 34 36 
2 3 6 9 11 14 19 21 24 27 29 31 34 36 
2 3 6 8 11 14 19 21 22 24 27 29 32 34 36 
2 3 7 9 11 14 19 21 24 27 29 31 34 36 
2 3 6 8 11 14 19 21 24 27 29 31 34 36 
2 3 6 8 11 14 19 21 26 27 29 31 34 36 
2 3 7 9 11 14 19 21 24 27 29 31 34 36 
2 3 6 9 11 14 19 21 22 24 27 29 32 34 36 
2 3 7 8 11 14 19 20 24 27 29 31 34 36 
2 3 7 9 11 14 19 21 24 27 29 32 34 36 
2 3 7 9 11 14 19 21 24 27 29 31 34 36 
2 3 6 8 11 14 19 21 24 27 29 31 34 36 
2 3 6 8 11 14 19 21 24 27 29 31 34 36 
2 3 6 8 11 14 19 20 24 27 29 31 34 36 
2 3 7 9 11 14 19 21 24 27 29 31 34 36 
2 3 7 9 11 14 19 21 26 27 29 32 34 37
2 3 6 9 11 14 19 21 22 24 27 29 31 34 36 
2 3 7 9 11 14 19 21 23 24 27 29 31 34 36 
2 3 6 9 11 14 19 21 24 27 29 31 34 36 
2 3 6 8 11 14 19 21 22 25 27 29 31 34 36 
2 3 6 9 11 14 19 21 24 27 29 31 34 36 
2 3 6 8 11 14 19 21 26 27 29 31 34 36 
2 3 6 8 11 14 19 21 22 24 27 29 32 34 36 
2 3 7 9 11 14 19 20 24 27 29 31 34 36 
2 3 7 9 11 14 19 21 24 27 29 31 34 36 
2 3 7 9 11 14 19 21 23 24 27 29 31 34 36 
2 3 6 8 11 14 19 21 24 27 29 32 34 36 
2 3 6 8 11 14 19 20 24 27 29 32 34 36 
2 3 6 8 11 14 19 21 24 27 30 32 34 36 
2 3 7 9 11 14 19 20 24 27 30 32 34 36 
2 3 6 8 11 14 19 20 24 27 30 32 34 36 
2 3 6 8 11 14 19 21 24 27 30 32 34 36 
2 3 6 9 11 14 19 20 24 27 30 32 34 36 
2 3 6 8 11 14 19 21 24 27 29 31 34 36 
2 3 7 8 11 14 19 21 24 27 29 31 34 36 
2 3 7 8 11 14 19 21 24 27 29 31 34 36 
2 3 7 8 11 14 19 21 24 27 29 31 34 36 
2 3 6 8 11 14 19 21 26 27 29 31 34 36 
2 3 7 9 11 14 19 21 24 27 29 31 34 36 
2 3 6 8 11 14 19 21 22 24 27 29 32 34 36 
2 3 6 8 11 14 19 21 24 27 29 31 34 36 
2 3 7 9 11 14 19 21 24 27 29 31 34 36 
2 3 6 8 11 14 19 21 24 27 29 31 34 36 
2 3 7 9 11 14 19 21 25 27 29 31 34 36 
1 3 6 9 11 14 17 21 24 27 30 34 36 
2 3 6 8 11 14 19 21 24 27 29 32 34 36 
2 3 6 8 11 14 19 20 24 27 29 32 34 36 
2 3 6 8 11 14 19 21 24 27 29 31 34 36 
2 3 7 9 11 14 19 21 24 27 29 31 34 36 
2 3 7 9 11 14 19 21 23 25 27 29 32 34 36 
2 3 6 9 11 14 19 21 24 27 29 31 34 36 
2 3 6 9 11 14 19 21 24 27 29 31 34 36 
2 3 7 8 11 14 19 21 24 27 29 31 34 36 
2 3 7 8 11 14 19 20 22 24 27 29 31 34 36 
2 3 6 8 11 14 19 21 24 27 29 31 34 36 
2 3 6 8 11 14 19 21 26 27 29 31 34 36 
2 3 6 8 11 14 19 21 23 24 27 29 32 34 36 
2 3 7 8 11 14 19 21 24 27 29 31 34 36 
2 3 6 8 11 14 19 20 24 27 30 32 34 36 
2 3 6 9 11 14 19 20 24 27 30 32 34 36 
2 3 6 8 11 14 19 20 24 27 30 32 34 36 
2 3 7 8 11 14 19 21 24 27 29 31 34 36 
2 3 6 9 11 14 19 21 22 24 27 29 31 34 36 
2 3 6 8 11 14 19 21 24 27 29 31 34 36 
2 3 6 8 11 14 19 20 24 27 29 32 34 36 
2 3 6 9 11 14 19 21 24 27 29 31 34 36 
2 3 6 8 11 14 19 21 24 27 29 31 34 36 
2 3 7 9 11 14 19 21 24 27 29 31 34 36 
2 3 6 8 11 14 19 21 24 27 29 31 34 36 
2 3 6 8 11 14 19 21 24 27 29 31 34 36 
2 3 6 8 11 14 19 21 23 24 27 29 31 34 36 
2 3 6 9 11 14 19 21 24 27 29 31 34 36 
2 3 6 8 11 14 19 21 23 25 27 29 32 34 36 
2 3 6 9 11 14 19 21 23 25 27 29 32 34 36 
2 3 7 9 11 14 19 21 24 27 29 31 34 36 
2 3 6 8 11 14 19 21 24 27 29 31 34 36 
2 3 7 8 11 14 19 21 24 27 29 31 34 36 
2 3 6 8 11 14 19 21 22 24 27 29 31 34 36 
2 3 6 8 11 14 19 21 24 27 29 31 34 36 
2 3 7 8 11 14 19 21 24 27 29 31 34 36 
2 3 6 8 11 14 19 21 24 27 29 32 34 36 
2 3 7 9 11 14 19 21 22 25 27 29 32 34 36 
2 3 6 8 11 14 19 21 22 24 27 29 32 33 36 
2 3 7 8 11 14 19 21 24 27 29 31 34 36 
2 3 6 8 11 14 19 21 24 27 29 31 34 36 
2 3 7 9 11 14 19 21 22 24 27 29 31 34 36 
2 3 7 9 11 14 19 21 23 24 27 29 32 34 36 
2 3 7 8 11 14 19 21 22 24 27 29 32 34 36 
2 3 6 8 11 14 19 21 24 27 30 32 34 36 
2 3 6 9 11 14 19 21 24 27 30 32 34 36 
2 3 6 8 11 14 19 21 22 24 27 30 32 34 36 
2 3 6 9 11 12 19 21 24 27 30 32 34 36 
2 3 6 8 11 14 19 20 24 27 29 31 34 36 
2 3 6 8 11 14 19 21 24 27 29 31 34 36 
2 3 7 9 11 14 19 21 24 27 29 31 34 36 
2 3 6 8 11 14 19 21 24 27 29 31 34 36 
2 3 6 8 11 14 19 20 22 24 27 29 31 34 36 
2 3 6 8 11 14 19 21 24 27 29 31 34 36 
2 3 7 9 11 14 19 21 24 27 29 31 34 36 
2 3 6 8 11 14 19 21 26 27 29 31 34 36 
2 3 6 8 11 14 19 21 22 25 27 29 32 33 36 
2 3 6 8 11 14 19 21 24 27 29 31 34 36 
2 3 7 8 11 14 19 21 24 27 29 31 34 36 
2 3 6 8 11 14 19 21 22 26 27 29 31 34 36 
2 3 6 8 11 14 19 21 24 27 29 31 34 36 
2 3 7 9 11 14 19 21 25 27 29 32 34 36 
2 3 7 9 11 14 19 21 24 27 29 31 34 36 
2 3 7 8 11 14 19 21 25 27 29 31 34 36 
2 3 6 8 11 14 19 21 24 27 29 31 34 36 
2 3 6 8 11 14 19 21 23 24 27 29 32 34 36 
2 3 6 8 11 14 19 21 24 27 29 31 34 36 
2 3 6 8 11 14 19 20 26 27 29 31 34 36 
2 3 7 8 11 14 19 21 24 27 29 31 34 36 
2 5 7 9 11 14 19 21 24 27 29 31 34 37
2 3 6 8 11 14 19 21 26 27 29 31 34 37
2 3 6 9 11 14 19 21 24 27 29 31 34 36 
2 3 7 8 11 14 19 20 24 27 29 31 34 36 
2 3 6 8 11 14 19 21 24 27 29 31 34 36 
2 3 6 9 11 14 19 21 24 27 29 31 34 36 
2 3 7 9 11 14 19 21 24 27 29 31 34 36 
2 3 6 8 11 14 19 21 24 27 29 31 34 36 
2 3 6 8 11 14 19 21 24 27 29 31 34 36 
2 3 6 8 11 14 19 21 24 27 29 31 34 36 
2 3 6 9 11 14 19 21 24 27 29 31 34 36 
2 3 7 8 11 14 19 21 22 24 27 29 32 34 36 
2 3 6 8 11 14 19 21 24 27 29 32 34 36 
2 3 6 8 11 14 19 21 24 27 29 31 34 36 
2 5 7 9 11 14 19 21 24 27 29 31 34 37
2 3 6 8 11 14 19 21 22 24 27 29 32 34 36 
2 3 6 8 11 14 19 21 24 27 29 31 34 36 
2 3 7 9 11 14 19 21 24 27 30 32 34 36 
2 3 6 8 11 14 19 21 26 27 29 31 34 36 
2 3 7 8 11 14 19 21 22 24 27 29 31 34 36 
2 3 6 8 11 14 19 21 24 27 29 31 34 36 
2 3 6 8 11 14 19 21 26 27 29 31 34 36 
2 3 6 8 11 14 19 21 24 27 29 31 34 36 
2 3 6 8 11 14 19 21 24 27 29 31 34 36 
2 3 7 9 11 14 19 21 24 27 29 32 34 36 
2 3 6 9 11 14 19 21 22 24 27 29 31 34 36 
2 3 6 8 11 14 19 21 24 27 29 31 34 36 
2 3 7 9 11 14 19 21 24 27 29 31 34 36 
2 3 6 8 11 14 19 21 22 24 27 29 32 34 37
2 3 6 8 11 14 19 21 24 27 29 31 34 36 
2 3 6 8 11 14 19 21 22 24 27 29 32 34 36 
2 3 6 8 11 14 19 21 22 24 27 29 31 33 36 
2 3 6 8 11 14 19 21 26 27 30 32 34 36 
2 3 6 8 11 14 19 20 24 27 29 31 34 36 
2 3 6 8 11 14 19 21 25 27 29 32 34 36 
2 3 7 8 11 14 19 21 24 27 29 32 34 36 
2 3 6 8 11 14 19 21 24 27 29 31 34 36 
2 3 6 8 11 14 19 21 24 27 29 31 34 36 
2 3 7 9 11 14 19 21 22 25 27 29 32 34 36 
2 3 6 8 11 14 19 21 23 24 27 29 31 34 36 
2 3 6 8 11 14 19 21 24 27 29 31 34 36 
2 3 7 8 11 14 19 21 25 27 29 31 34 36 
2 3 6 8 11 14 19 21 24 27 29 31 34 36 
2 3 6 8 11 14 19 21 22 24 27 29 31 33 36 
2 3 6 8 11 14 19 21 24 27 29 31 34 36 
2 3 6 8 11 14 19 21 26 27 29 32 34 36 
2 3 7 8 11 14 19 21 24 27 29 31 34 36 
2 3 6 8 11 14 19 21 24 27 29 31 34 36 
2 3 6 8 11 14 19 21 24 27 29 32 34 36 
2 3 6 9 11 14 19 21 24 27 29 31 34 36 
2 3 6 8 11 14 19 21 22 24 27 29 31 34 36 
2 3 6 8 11 14 19 21 24 27 29 31 34 36 
2 3 6 8 11 14 19 21 24 27 29 31 34 36 
2 3 6 8 11 14 19 21 24 27 29 31 34 36 
2 3 6 8 11 14 19 21 24 27 29 31 34 36 
2 3 6 8 11 14 19 21 24 27 29 31 34 36 
2 3 6 8 11 14 19 21 22 24 27 29 31 34 36 
2 3 6 8 11 13 19 21 26 27 29 31 34 36 
2 3 6 8 11 14 19 21 24 27 30 32 34 36 
2 3 6 8 11 14 19 21 23 24 27 30 32 34 36 
1 3 6 8 11 12 19 21 26 27 30 34 36 
2 3 6 8 11 14 19 21 22 24 27 29 32 34 36 
2 3 6 8 11 14 19 21 24 27 29 31 34 36 
2 5 6 9 11 14 19 21 22 24 27 29 31 34 37
2 3 6 8 11 14 19 21 24 27 29 31 34 36 
2 3 6 8 11 14 19 21 24 27 29 31 34 36 
2 3 6 8 11 14 19 21 24 27 29 31 34 36 
2 3 6 8 11 14 19 21 24 27 29 31 34 37
2 3 6 8 11 14 19 21 24 27 29 31 34 36 
2 3 7 8 11 14 19 21 24 27 29 31 34 36 
2 3 6 8 11 14 19 21 24 27 29 31 34 36 
2 3 7 8 11 14 19 21 24 27 29 31 34 36 
2 3 6 8 11 14 19 21 22 24 27 30 32 34 36 
2 3 6 8 11 14 19 21 24 27 29 31 34 36 
2 3 6 8 11 14 19 21 24 27 29 31 34 36 
2 3 6 8 11 14 19 21 26 27 29 31 34 36 
2 3 6 8 11 14 19 21 25 27 29 31 34 36 
2 3 6 8 11 14 19 21 22 24 27 29 31 34 36 
2 3 6 8 11 14 19 21 24 27 29 31 34 36 
2 3 6 8 11 14 19 21 22 24 27 29 31 34 36 
2 3 6 8 11 14 19 21 24 27 29 31 34 36 
2 3 6 8 11 14 19 21 24 27 29 32 34 36 
2 3 6 8 11 14 19 21 24 27 29 31 34 36 
2 3 6 8 11 14 19 21 26 27 29 31 34 36 
2 3 6 8 11 14 19 21 24 27 29 31 34 36 
2 3 6 8 11 14 19 21 24 27 29 31 34 36 
2 3 6 8 11 14 19 21 24 27 29 31 34 36 
2 5 7 8 11 14 19 21 24 27 29 31 34 36 
2 3 6 8 11 14 19 21 24 27 29 31 34 36 
2 3 6 8 11 14 19 21 24 27 29 31 34 36 
2 3 6 8 11 13 19 21 24 27 29 31 34 36 
2 3 6 8 11 14 19 21 24 27 29 31 34 36 
2 3 6 8 11 14 19 21 24 27 29 31 34 36 
2 3 6 8 11 14 19 21 24 27 29 31 34 36 
2 3 6 8 11 12 19 21 24 27 29 31 34 36 
2 3 6 8 11 14 19 21 22 24 27 29 31 34 36 
2 3 6 8 11 14 19 21 22 24 27 29 31 34 36 
2 3 6 8 11 14 19 21 24 27 29 32 34 36 
2 3 6 8 11 14 19 21 22 24 27 29 31 34 36 
2 3 6 8 11 14 19 21 24 27 29 31 34 36 
2 3 6 8 11 14 19 21 25 27 29 31 34 36 
2 3 6 8 11 14 19 21 24 27 29 31 34 36 
2 3 6 8 11 14 19 21 22 26 27 29 31 34 37
2 3 6 8 11 14 19 21 24 27 29 31 34 36 
2 3 6 8 11 14 19 21 24 27 29 32 34 36 
2 3 6 8 11 14 19 21 24 27 29 31 34 36 
2 3 6 8 11 14 19 20 24 27 29 31 34 36 
2 3 6 8 11 14 19 21 25 27 29 31 34 36 
2 3 6 8 11 14 19 21 24 27 29 32 33 37
2 3 6 8 11 14 19 21 24 27 29 31 34 36 
2 3 6 8 11 14 19 21 24 27 29 31 34 36 
2 5 6 8 11 14 19 21 23 26 27 29 32 34 37
2 3 6 8 11 14 19 21 22 24 27 29 31 34 36 
2 3 6 8 11 14 19 20 24 27 29 31 34 36 
2 3 6 8 11 14 19 21 24 27 29 32 34 36 
2 3 6 8 11 14 19 21 24 27 29 31 34 36 
2 5 6 8 11 14 19 21 24 27 29 31 34 36 
2 5 6 8 11 14 19 21 24 27 29 31 34 36 